1                        1                   01        1.370000000000000e+03
1                        1                   02        1.450000000000000e+03
1                        1                   03        1.380000000000000e+03
1                        1                   04        1.500000000000000e+03
1                        1                   05        1.400000000000000e+03
1                        1                   06        1.400000000000000e+03
1                        1                   07        1.350000000000000e+03
1                        1                   08        1.400000000000000e+03
1                        1                   09        1.500000000000000e+03
1                        1                   10        1.450000000000000e+03
1                        1                   11        1.400000000000000e+03
1                        1                   12        1.450000000000000e+03
1                        1                   13        1.403000000000000e+03
1                        1                   14        1.380000000000000e+03
1                        1                   15        1.450000000000000e+03
1                        1                   16        1.350000000000000e+03
1                        1                   17        1.350000000000000e+03
1                        1                   18        1.400000000000000e+03
1                        2                   01        1.450000000000000e+03
1                        2                   02        1.300000000000000e+03
1                        2                   03        1.400000000000000e+03
1                        2                   04        1.400000000000000e+03
1                        2                   05        1.400000000000000e+03
1                        2                   06        1.400000000000000e+03
1                        2                   07        1.400000000000000e+03
1                        2                   08        1.350000000000000e+03
1                        2                   09        1.400000000000000e+03
1                        2                   10        1.300000000000000e+03
1                        2                   11        1.450000000000000e+03
1                        2                   12        1.400000000000000e+03
1                        2                   13        1.350000000000000e+03
1                        2                   14        1.300000000000000e+03
1                        2                   15        1.400000000000000e+03
1                        2                   16        1.400000000000000e+03
1                        2                   17        1.400000000000000e+03
1                        2                   18        1.400000000000000e+03
2                        1                   01        1.300000000000000e+03
2                        1                   02        1.180000000000000e+03
2                        1                   03        1.340000000000000e+03
2                        1                   04        1.320000000000000e+03
2                        1                   05        1.500000000000000e+03
2                        1                   06        1.450000000000000e+03
2                        1                   07        1.550000000000000e+03
2                        1                   08        1.200000000000000e+03
2                        1                   09        1.400000000000000e+03
2                        1                   10        1.350000000000000e+03
2                        1                   11        1.330000000000000e+03
2                        1                   12        1.300000000000000e+03
2                        1                   13        1.200000000000000e+03
2                        1                   14        1.290000000000000e+03
2                        1                   15        1.250000000000000e+03
2                        1                   16        1.350000000000000e+03
2                        1                   17        1.220000000000000e+03
2                        1                   18        1.230000000000000e+03
2                        2                   01        1.400000000000000e+03
2                        2                   02        1.400000000000000e+03
2                        2                   03        1.450000000000000e+03
2                        2                   04        1.150000000000000e+03
2                        2                   05        1.200000000000000e+03
2                        2                   06        1.100000000000000e+03
2                        2                   07        1.300000000000000e+03
2                        2                   08        1.185000000000000e+03
2                        2                   09        1.300000000000000e+03
2                        2                   10        1.400000000000000e+03
2                        2                   11        1.195000000000000e+03
2                        2                   12        1.330000000000000e+03
2                        2                   13        1.300000000000000e+03
2                        2                   14        1.250000000000000e+03
2                        2                   15        1.130000000000000e+03
2                        2                   16        1.125000000000000e+03
2                        2                   17        1.300000000000000e+03
2                        2                   18        1.230000000000000e+03
3                        1                   01        1.200000000000000e+03
3                        1                   02        1.350000000000000e+03
3                        1                   03        1.220000000000000e+03
3                        1                   04        1.250000000000000e+03
3                        1                   05        1.500000000000000e+03
3                        1                   06        1.260000000000000e+03
3                        1                   07        1.180000000000000e+03
3                        1                   08        1.260000000000000e+03
3                        1                   09        1.350000000000000e+03
3                        1                   10        1.400000000000000e+03
3                        1                   11        1.300000000000000e+03
3                        1                   12        1.270000000000000e+03
3                        1                   13        1.120000000000000e+03
3                        1                   14        1.500000000000000e+03
3                        1                   15        1.500000000000000e+03
3                        1                   16        1.250000000000000e+03
3                        1                   17        1.250000000000000e+03
3                        1                   18        1.200000000000000e+03
3                        2                   01        1.220000000000000e+03
3                        2                   02        1.050000000000000e+03
3                        2                   03        1.050000000000000e+03
3                        2                   04        1.300000000000000e+03
3                        2                   05        1.100000000000000e+03
3                        2                   06        1.220000000000000e+03
3                        2                   07        1.150000000000000e+03
3                        2                   08        1.300000000000000e+03
3                        2                   09        1.350000000000000e+03
3                        2                   10        1.200000000000000e+03
3                        2                   11        1.350000000000000e+03
3                        2                   12        1.270000000000000e+03
3                        2                   13        1.400000000000000e+03
3                        2                   14        1.100000000000000e+03
3                        2                   15        1.250000000000000e+03
3                        2                   16        1.220000000000000e+03
3                        2                   17        1.200000000000000e+03
3                        2                   18        1.400000000000000e+03
4                        1                   01        1.700000000000000e+03
4                        1                   02        1.500000000000000e+03
4                        1                   03        1.500000000000000e+03
4                        1                   04        1.500000000000000e+03
4                        1                   05        1.500000000000000e+03
4                        1                   06        1.500000000000000e+03
4                        1                   07        1.500000000000000e+03
4                        1                   08        1.200000000000000e+03
4                        1                   09        1.200000000000000e+03
4                        1                   10        1.300000000000000e+03
4                        1                   11        1.500000000000000e+03
4                        1                   12        1.500000000000000e+03
4                        1                   13        1.500000000000000e+03
4                        1                   14        1.500000000000000e+03
4                        1                   15        1.500000000000000e+03
4                        1                   16        1.500000000000000e+03
4                        1                   17        1.500000000000000e+03
4                        1                   18        1.500000000000000e+03
4                        2                   01        1.500000000000000e+03
4                        2                   02        1.500000000000000e+03
4                        2                   03        1.500000000000000e+03
4                        2                   04        1.500000000000000e+03
4                        2                   05        1.500000000000000e+03
4                        2                   06        1.500000000000000e+03
4                        2                   07        1.500000000000000e+03
4                        2                   08        1.500000000000000e+03
4                        2                   09        1.500000000000000e+03
4                        2                   10        1.500000000000000e+03
4                        2                   11        1.500000000000000e+03
4                        2                   12        1.500000000000000e+03
4                        2                   13        1.400000000000000e+03
4                        2                   14        1.500000000000000e+03
4                        2                   15        1.500000000000000e+03
4                        2                   16        1.500000000000000e+03
4                        2                   17        1.500000000000000e+03
4                        2                   18        1.500000000000000e+03
5                        1                   01        1.220000000000000e+03
5                        1                   02        1.280000000000000e+03
5                        1                   03        1.200000000000000e+03
5                        1                   04        1.200000000000000e+03
5                        1                   05        1.250000000000000e+03
5                        1                   06        1.300000000000000e+03
5                        1                   07        1.170000000000000e+03
5                        1                   08        1.320000000000000e+03
5                        1                   09        1.230000000000000e+03
5                        1                   10        1.280000000000000e+03
5                        1                   11        1.880000000000000e+03
5                        1                   12        0.000000000000000e+00
5                        1                   13        1.300000000000000e+03
5                        1                   14        1.300000000000000e+03
5                        1                   15        1.400000000000000e+03
5                        1                   16        1.330000000000000e+03
5                        1                   17        1.400000000000000e+03
5                        1                   18        1.720000000000000e+03
5                        2                   01        1.400000000000000e+03
5                        2                   02        1.360000000000000e+03
5                        2                   03        1.250000000000000e+03
5                        2                   04        1.250000000000000e+03
5                        2                   05        1.330000000000000e+03
5                        2                   06        1.230000000000000e+03
5                        2                   07        1.250000000000000e+03
5                        2                   08        1.250000000000000e+03
5                        2                   09        1.550000000000000e+03
5                        2                   10        1.260000000000000e+03
5                        2                   11        1.430000000000000e+03
5                        2                   12        1.430000000000000e+03
5                        2                   13        1.260000000000000e+03
5                        2                   14        1.300000000000000e+03
5                        2                   15        1.350000000000000e+03
5                        2                   16        1.220000000000000e+03
5                        2                   17        1.420000000000000e+03
5                        2                   18        1.480000000000000e+03
6                        1                   01        1.100000000000000e+03
6                        1                   02        1.380000000000000e+03
6                        1                   03        1.330000000000000e+03
6                        1                   04        1.400000000000000e+03
6                        1                   05        1.180000000000000e+03
6                        1                   06        1.180000000000000e+03
6                        1                   07        1.100000000000000e+03
6                        1                   08        1.200000000000000e+03
6                        1                   09        1.080000000000000e+03
6                        1                   10        1.450000000000000e+03
6                        1                   11        1.330000000000000e+03
6                        1                   12        1.150000000000000e+03
6                        1                   13        1.360000000000000e+03
6                        1                   14        1.300000000000000e+03
6                        1                   15        1.380000000000000e+03
6                        1                   16        1.100000000000000e+03
6                        1                   17        1.150000000000000e+03
6                        1                   18        1.260000000000000e+03
6                        2                   01        1.100000000000000e+03
6                        2                   02        1.180000000000000e+03
6                        2                   03        1.480000000000000e+03
6                        2                   04        1.430000000000000e+03
6                        2                   05        1.250000000000000e+03
6                        2                   06        1.330000000000000e+03
6                        2                   07        1.100000000000000e+03
6                        2                   08        1.280000000000000e+03
6                        2                   09        1.200000000000000e+03
6                        2                   10        1.500000000000000e+03
6                        2                   11        1.180000000000000e+03
6                        2                   12        1.100000000000000e+03
6                        2                   13        1.400000000000000e+03
6                        2                   14        1.180000000000000e+03
6                        2                   15        1.100000000000000e+03
6                        2                   16        1.260000000000000e+03
6                        2                   17        1.180000000000000e+03
6                        2                   18        1.325000000000000e+03
